1890 1832
0 1
0 2
0 6
0 10
0 11
0 20
0 241
0 242
0 906
0 1133
0 1818
0 1889
1 4
1 73
1 392
2 3
2 18
2 79
2 86
2 723
2 746
2 748
3 5
3 8
3 19
3 38
3 44
3 782
3 1888
4 7
4 9
4 21
4 47
4 206
4 504
4 1887
5 14
5 15
5 326
5 871
5 1886
6 12
6 121
6 193
7 16
7 25
7 27
7 41
7 119
7 132
7 187
7 287
7 352
7 714
7 1222
7 1661
7 1885
8 56
8 470
8 870
8 921
8 1884
9 24
9 29
9 65
9 127
9 182
10 28
10 59
10 1013
11 31
11 53
11 155
11 534
11 749
12 13
12 192
12 663
12 1004
12 1883
13 17
13 136
13 232
13 428
13 1494
14 63
14 114
14 630
14 715
14 1325
14 1817
14 1882
15 23
15 74
15 131
15 1617
15 1881
16 32
16 39
16 49
16 70
16 90
16 433
16 974
16 1006
16 1088
17 1788
18 30
18 40
18 83
18 1567
18 1880
19 34
19 37
19 43
19 81
19 98
19 216
19 268
19 294
19 620
19 1280
19 1879
20 22
20 45
20 576
20 686
20 710
20 1432
20 1549
21 556
21 949
21 1878
22 372
22 1388
22 1639
23 26
23 42
23 141
23 211
23 1877
24 61
24 103
24 452
24 719
24 958
25 36
25 106
25 120
25 220
25 379
25 977
25 1256
26 51
26 384
26 1876
27 91
27 391
27 606
28 33
28 35
28 679
29 116
29 1323
29 1875
30 99
30 210
30 296
30 1436
30 1742
31 125
31 601
31 729
31 846
31 1286
32 175
32 248
32 469
32 1596
32 1874
33 50
33 208
33 263
33 867
33 1873
34 1515
35 72
35 181
35 1823
36 78
36 92
36 122
36 157
36 254
36 1007
36 1872
37 55
37 93
37 177
37 191
37 460
37 1262
37 1871
38 48
38 69
38 88
38 168
38 401
39 58
39 60
39 796
40 64
40 1011
40 1329
41 62
41 67
41 80
41 244
41 1870
42 226
42 541
42 1869
43 46
43 95
43 617
43 1542
43 1658
44 57
44 71
44 1044
44 1477
44 1868
45 82
45 230
45 712
45 791
45 1867
46 525
47 76
47 108
47 111
47 430
47 1866
48 161
48 207
48 256
48 1718
48 1865
49 94
50 89
50 363
50 367
50 1175
50 1484
51 52
51 100
51 147
51 164
51 651
51 818
51 1863
52 54
52 84
52 184
52 214
52 311
52 320
52 1862
53 231
53 591
53 1861
54 126
54 233
54 270
54 366
54 1356
55 66
55 190
55 1860
56 109
56 301
56 334
56 407
56 515
57 68
57 96
57 133
57 450
57 649
57 953
57 1072
57 1227
57 1859
58 451
59 75
59 198
59 383
59 924
59 1858
60 1857
61 1856
62 390
63 944
63 1667
63 1769
64 178
64 464
64 1434
65 217
65 362
65 422
65 600
65 1855
66 240
66 286
66 632
67 150
67 1475
67 1854
68 85
68 602
68 783
68 1853
68 1886
69 110
69 113
69 1702
70 140
70 163
70 285
70 635
70 733
70 766
70 931
70 1528
70 1581
71 104
71 129
71 135
71 170
71 239
71 246
71 252
71 292
71 798
72 205
72 479
72 585
72 979
72 1852
73 101
73 304
73 1406
74 77
74 128
74 201
74 300
74 471
74 511
74 960
74 1347
74 1851
75 105
76 142
76 148
76 173
76 1206
76 1257
77 646
77 677
77 1018
77 1102
77 1405
77 1645
77 1850
78 278
78 317
78 429
78 830
78 1849
79 154
79 225
79 308
79 398
79 745
80 650
81 124
81 169
81 199
82 219
82 937
82 1848
83 375
83 1164
83 1767
84 152
84 202
